3.1779107181328925
3.035978962366831
2.8969209769365354
2.8040833703278367
2.74615309953464
2.715159150599982
2.565117264876641
2.5488215487524375
2.4212680778756046
2.404081724675737
2.3603343891443345
2.267168166847193
2.2203254068134637
2.2063343540722173
2.169854506525998
2.116719390270049
2.0845918971181705
2.0505639949607306
2.0063581071942056
1.8799769670870807
1.816925027399776
1.7389145244825754
1.6505785809447433
1.6265090547198942
1.5239622631271492
1.4817462923849316
1.3968091653897836
1.3082937490522806
1.3110030740640473
1.2828359116668846
1.1926314543189027
1.1809822904014768
1.0918698725885339
1.1214603736023916
1.0731053942199462
1.0169442509747724
1.0190486790103064
0.9862418978870648
0.9622912967441887
0.9299040525277606
0.8832724085368406
0.8674257754602857
0.821651852006831
0.8394340498614333
0.8156588318896045
0.7518145302160799
0.750775072184394
0.7618321025833953
0.7175398716525075
0.6807822238304982
0.687288311763879
0.6681069817425738
0.6540502797012184
0.6084027771354286
0.6333719557371473
0.6192078790860911
0.5717457433353648
0.6073524602314382
0.5900319069201019
0.6057938113456192
0.5696528280469304
0.5494991003508374
0.5520389504103358
0.5151970644209221
0.5383684617681331
0.4963447324149205
0.5156295524245743
0.5175906765427134
0.5254928598227993
0.49246969537116947
0.49866240703506975
0.5046990770941764
0.4673281961042247
0.46397597102365523
0.483712137478528
0.4381008561534936
0.4447682508414606
0.44478880120626346
0.4377817388909429
0.4262482151177658
0.44194227496519783
0.4062674083626259
0.40279620327584115
0.4161166020632918
0.40977390774489575
0.41688776540666
0.37048991093572403
0.39566163393045894
0.38376533782132527
0.3696710207378853
0.388579139871877
0.37308342505665804
0.36965070460467486
0.3667175726385306
0.36156015423749455
0.3580980140472654
0.3407857631920866
0.3521101153054774
0.34458284732747324
0.34062504795157017
