3.167087332527933
3.083493116111719
2.8793129889380853
2.754460373123299
2.678050813521545
2.6021790590168963
2.501232827961614
2.4471491535767815
2.402380885554578
2.3373829592142674
2.2768855158066907
2.2349189209735045
2.157353534942093
2.1015633363823003
2.0801141503405325
2.0163842091158863
2.0174424618961906
1.9316363862469834
1.9187501070064086
1.8609382794956724
1.8266443890451596
1.8011215080488596
1.7950532853659753
1.731560565665181
1.6555198488533216
1.6372261809761386
1.5909239659359011
1.576120799063734
1.4856047117157487
1.4283853777197024
1.392310112517401
1.3444588496759464
1.290589711298442
1.2687128644679782
1.1960641868631008
1.1681256684472003
1.1645094944602945
1.0971905473503394
1.0469540866231062
1.0389779736212998
0.9892316643878212
0.9594293452707686
0.93382649063049
0.9130745679563019
0.8825568947571003
0.8429769595614445
0.8020341501217917
0.787219231097114
0.7845646427167172
0.7405166861124499
0.7465802741253725
0.7162187671255366
0.7155084869945061
0.6750489050414953
0.6646692720695611
0.6413136058634141
0.6057771533981403
0.6127485168803494
0.5972375182352093
0.5891419712845289
0.5780924850177855
0.5939924300788367
0.5526668231444417
0.5548076552947738
0.5457559708953468
0.5514735302049931
0.486248446334164
0.4998719630764697
0.48641202014464757
0.5025413331832091
0.4550476563687356
0.4681807244399187
0.47076921730303156
0.42903078262154065
0.4497186087050749
0.4180359675169217
0.4206972254709805
0.41696044684245887
0.41088265800882084
0.3785135152211365
0.3816330450936771
0.37498538265165116
0.37246277023286556
0.37212343157296374
0.3629590908423165
0.3706018328102783
0.3515046408916264
0.34359951386388565
0.3482111299669506
0.3614918501059064
0.3431073932176281
0.33455621992487217
0.3347030544799797
0.3330596009852645
0.3097931546711538
0.3093139592103498
0.3104603374579546
0.3116580220247736
0.31329496375433996
0.3182481098479557
