5.4168450830111325
5.254247826907357
5.106078747881959
4.863372315521384
4.721926105394607
4.516265271402466
4.416734273634435
4.273080053031727
4.150492966344251
3.9917302663978136
3.9040494777170576
3.7692202468355984
3.647803544321484
3.5206977132365966
3.4641361272662117
3.350501161537423
3.2813433899333595
3.208374986359841
3.1406739682889593
3.010845898454101
3.001609698713333
2.893091154188735
2.8284711973105496
2.8092357523619507
2.72057814325154
2.669076175202484
2.6072423291183804
2.530937377980213
2.480846226384534
2.432004963325349
2.3691986480070493
2.3486898346903646
2.2569530542548693
2.2036300815268293
2.233609838765414
2.1574973629235994
2.0771662020525397
2.0600939487215473
2.0226217101177406
2.0238481341608314
1.9553944254778644
1.9184895610628876
1.9032942770558252
1.8656946510894183
1.8598165954185637
1.776587176458274
1.7778290172963065
1.698647004202389
1.7132784711265745
1.6987991820220802
1.6227697690027214
1.6302226376962075
1.5984618650254148
1.556231724223441
1.5426399163062998
1.5057834746596266
1.488078327255646
1.4561281795194945
1.4506509784492774
1.416861644869383
1.4248951888355086
1.4041176623855995
1.3789258802286724
1.3789172517655588
1.343178416606719
1.3305386516883222
1.283761326727601
1.2489979634503767
1.2786558053351396
1.2323894995840068
1.2120915034410518
1.2314231365270623
1.191911945505422
1.176579963546264
1.1492877982648455
1.1261149947104188
1.1405070148330876
1.1155271756840746
1.0968072797852861
1.1067606712583111
1.0718316885245331
1.055182685915208
1.0677432004527991
1.0139302407217792
1.02531594088761
1.0282425074049517
1.0201572744826044
1.0014524001948881
0.9736816666548052
0.9533442946797627
0.9623568406506541
0.9420276485531536
0.9265888524484048
0.9263424276741699
0.9090540657205861
0.9113294481949188
0.8921043807420397
0.8924480856818304
0.8796797843056122
0.8678196141938613
