15.864474929044466
16.810548722800377
17.880794701986755
18.82686849574267
19.299905392620623
20.322847682119207
21.044228949858088
22.04351939451277
22.481078524124882
23.852885525070956
24.822611163670768
25.218779564806056
26.028855250709555
27.16414380321665
28.151608325449384
28.71333964049196
30.794701986754966
31.137653736991485
31.681646168401134
33.09484389782403
34.5376064333018
36.04541154210028
37.26348155156102
38.35737937559129
40.840823084200565
43.09366130558183
44.06929990539262
46.51135288552507
49.33774834437086
51.44867549668874
53.91438032166509
55.09697256385998
57.46807000946074
59.395695364238414
60.43637653736992
62.003311258278146
63.670766319772945
65.01300851466415
66.09508041627247
67.86305581835383
68.31244087038789
69.8616367076632
70.68945127719962
71.2038789025544
72.55203405865657
74.07166508987702
74.85808893093662
75.5794701986755
76.66745506149479
77.3592715231788
77.6371807000946
78.55960264900662
79.57071901608326
79.87228003784296
80.3926206244087
80.77696310312204
81.7585146641438
81.98912015137181
82.92928098391674
82.8228476821192
83.19536423841059
83.47918637653737
84.19465468306528
84.67951750236519
84.60264900662251
84.62630085146641
85.64333017975402
86.00993377483444
85.95671712393566
86.06906338694418
86.90279091769158
86.84366130558183
87.32261116367077
87.71286660359507
87.86069063386944
87.91982024597918
87.84886471144749
88.09720908230842
88.7949385052034
89.12606433301798
89.10832544938505
89.44536423841059
89.43945127719962
89.78831598864711
89.55771050141911
89.9065752128666
89.7705771050142
90.53926206244087
90.36778618732261
90.13126773888364
90.61613055818354
90.52743614001892
90.35596026490066
90.7876064333018
91.11873226111636
91.2251655629139
91.27246925260171
91.17194891201514
91.50898770104068
91.10690633869442
