5.3712292782179905
4.837596893536109
4.3917204023197
4.089975135779764
3.7736257015812926
3.5117034440685693
3.2480319750793947
3.128718832696285
2.936444295388748
2.7718384653865558
2.6544403513310195
2.495043985552684
2.3976791934687345
2.270519039601567
2.1520183487894857
2.072451541980935
1.9950512622817012
1.9171873447234156
1.8627249842673512
1.7530968260291397
1.7329190571350992
1.6616109941179389
1.5790821648816964
1.5484998893828017
1.5002421559087489
1.4164973613554956
1.3987547075737166
1.330720072042976
1.2825539169609266
1.2611630313669384
1.2428952610594208
1.2155436206619583
1.1546607297213436
1.1424984989464002
1.106570479772851
1.0927770547181115
1.0752074988021418
1.0334304178674603
1.004950495519611
0.9708179625115986
0.9701818109912024
0.931627255401864
0.9183586988115265
0.9124290634126402
0.9024902425403288
0.8710602225423875
0.855841903835394
0.8335198396314623
0.8079946862151292
0.8050343255277163
0.7949022951279481
0.7816628801901608
0.7629789730345402
0.7628730012204361
0.7577571267774901
0.7104542211417105
0.7130078757243441
0.7132887003437572
0.6947892510676678
0.6856405735297821
0.6680074060651189
0.6714516245145897
0.6533864110059747
0.6384468161507159
0.6335814839392873
0.6267980241843181
0.6377077655850882
0.6078144576375848
0.6029758408256827
0.6002345089655274
0.593844188252145
0.5929937376204593
0.578838396264115
0.5714337017418871
0.5662209228343748
0.5617512247984209
0.5357090732683635
0.541445289762266
0.5395778012140359
0.5372674146855678
0.5291209983284336
0.5194747260328498
0.5101197764996436
0.52270567163388
0.5179109698004647
0.48937154250429166
0.5028623426535723
0.48475964749434586
0.4935239740385689
0.4729665655399564
0.4722627466482832
0.4592790055523081
0.46226947332398444
0.47790610068455663
0.45922814779047033
0.4561049072327429
0.4526071755978558
0.4518137222319813
0.43510728661418524
0.42832686250911306
