15.758041627246925
16.644985808893093
17.466887417218544
18.22965941343425
19.80250709555345
20.9023178807947
22.191343424787135
23.07237464522233
24.1662724692526
25.2542573320719
25.56764427625355
27.518921475875118
28.654210028382213
29.878192999053926
30.01419110690634
31.598864711447494
32.97658467360454
33.57379375591296
34.36021759697256
35.79115421002838
35.14664143803217
36.91461684011353
38.36920529801324
38.62346263008514
39.640491958372756
40.32048249763481
41.18968779564806
42.89853358561968
42.89853358561968
44.152081362346266
44.83207190160832
44.8852885525071
46.00875118259224
47.39238410596027
47.327341532639544
48.438978240302745
49.515137180700094
49.63930936613056
50.56173131504257
50.70364238410596
51.212157048249765
52.67857142857143
52.501182592242195
53.75473036896878
53.44725638599811
55.10879848628193
55.315752128666034
55.72965941343425
56.551561021759696
56.49834437086093
58.08893093661305
57.80510879848628
58.833964049195835
59.703169347209084
59.93968779564806
60.489593188268685
60.54872280037843
61.33514664143803
61.831835383159884
62.647824030274364
62.17478713339641
63.0558183538316
63.71807000946074
63.44016083254494
64.19110690633869
65.24952696310312
65.45648060548723
66.1778618732261
65.49195837275307
66.46759697256385
67.31906338694418
66.56811731315042
67.3841059602649
68.31835383159887
68.76182592242195
69.12251655629139
68.81504257332072
69.50094607379376
69.87346263008514
69.80250709555345
70.67762535477767
70.65988647114474
70.43519394512772
71.59413434247871
71.0205771050142
72.10264900662251
72.0612582781457
72.45151371807
72.63481551561021
73.46854304635761
73.07237464522233
73.64001892147587
74.12488174077578
74.24905392620624
74.53287606433302
74.71617786187322
75.21286660359507
75.11825922421949
75.82781456953643
75.96381267738883
