5.819154183596175
5.248099677158958
4.8100924203163515
4.420107950437937
4.145364615639765
3.885435266774447
3.646547260212244
3.3831324654022477
3.2191189259093327
3.073326376551373
2.9117344352808785
2.7785929562127465
2.6768436553688013
2.5880091055001193
2.46433020856094
2.3420852096777764
2.274620132392154
2.216894667444076
2.1186028203540177
2.0483903501433027
2.001268641725394
1.9540760205845396
1.8727902708576891
1.8040988766143315
1.7486119603028023
1.7046656670610976
1.688019424084796
1.626192972811191
1.585313579104594
1.5365367452265974
1.510010078478897
1.4616749703940515
1.4340440663055305
1.3984717282915071
1.361936918665129
1.3436937380649059
1.2899510401989225
1.26264314529686
1.265366229789936
1.2296378027186037
1.1778691642782884
1.1843735504060167
1.1399504800054863
1.136351164377514
1.1197260353738898
1.092895631533021
1.0659943558522407
1.053267501611809
1.0305381635505293
0.9892485578779692
1.0017005802892578
0.9583687433794973
0.9614927803669319
0.953686795036186
0.9414470072839208
0.9243250911035059
0.8948138973683598
0.8795602610343565
0.871702061696445
0.8705269892258586
0.8454624479856825
0.8240535987810697
0.8280351890520657
0.8226433823214687
0.8041937862687666
0.7981686529508715
0.7814910922731672
0.7684903743702394
0.7500996860898432
0.7402632522661954
0.7294962111236695
0.7168864867770683
0.7183945353795812
0.6998053854269697
0.7083288786427074
0.6959932621290014
0.6859717445770523
0.6762999811596541
0.6614481652245391
0.6630302361981871
0.660620246389167
0.6653595347672898
0.6446588482626677
0.6171138900118046
0.6344322825560845
0.6275211517948414
0.6072001426199639
0.5960796530954998
0.6036963328761432
0.6016819556591753
0.591614320634555
0.5922649164975761
0.5854678029368932
0.5661306746635328
0.574402885382877
0.5563763321404651
0.5714976936437774
0.5515184528780299
0.5595061314365384
0.551897537347384
