17.910359508041626
20.9023178807947
23.74053926206244
26.147114474929044
28.772469252601702
31.88859981078524
35.10525070955534
36.58349101229896
38.434247871333966
41.04777672658467
42.271759697256385
44.74929044465468
46.13292336802271
48.01915799432356
49.881740775780514
51.389545884579
52.7081362346263
53.932119205298015
55.02010406811731
57.462157048249765
57.533112582781456
59.13552507095554
60.22942289498581
61.12228003784295
62.06835383159886
63.33964049195837
63.96050141911069
65.0721381267739
66.0891674550615
66.65089877010406
67.17123935666982
67.87488174077578
69.13434247871334
68.89191106906338
70.42336802270577
70.63032166508988
71.19205298013244
71.88386944181646
72.77081362346263
73.39758751182592
73.58088930936613
74.13670766319773
74.78122043519394
74.91721854304636
75.7627719962157
76.11754966887418
76.49006622516556
76.91579943235573
77.06362346263009
77.5721381267739
78.11613055818354
78.09247871333964
78.47682119205298
78.75473036896878
78.61873226111636
80.00236518448439
79.94323557237465
80.25662251655629
80.9484389782403
80.80061494796594
80.91887417218543
81.480605487228
81.22043519394512
81.68164616840113
82.01868495742669
82.02459791863765
82.03051087984863
82.5922421948912
83.0771050141911
82.91745506149479
83.36092715231788
83.20719016083254
83.59744560075686
83.8871807000946
84.15326395458845
83.98178807947019
84.91012298959319
84.63221381267739
84.49621570482498
84.55534531693472
85.10525070955535
85.35950804162725
85.91532639545885
85.07568590350047
85.59602649006622
85.67880794701986
85.89758751182592
86.10454115421003
86.21688741721854
86.24053926206244
86.50662251655629
86.82000946073794
86.85548722800378
86.55983916745507
86.74314096499526
86.86731315042573
87.06835383159887
87.38765373699148
87.5
87.58278145695364
