14.534058656575214
17.01158940397351
19.607379375591297
22.339167455061496
23.917928098391673
27.170056764427624
29.210028382213814
32.225638599810786
33.7275307473983
35.98628192999054
37.65964995269631
38.72398297067171
40.95908230842006
42.09437086092715
43.59035004730369
45.21050141911069
46.505439924314096
47.32142857142857
49.166272469252604
50.29564806054872
51.14711447492905
51.815279091769156
53.32308420056764
54.19228949858089
55.445837275307476
56.338694418164614
57.012771996215704
57.90562913907285
58.72161778618732
58.922658467360456
59.62630085146642
61.14593188268685
61.512535477767265
62.07426679280984
62.96121097445601
62.955298013245034
64.10241248817408
65.0721381267739
64.83561967833491
66.25473036896878
66.55629139072848
66.85785241248817
67.80392620624409
67.52010406811732
68.31835383159887
69.28807947019868
69.77885525070955
70.14545884578997
70.47067171239357
71.57048249763481
71.16248817407758
72.34508041627247
71.759697256386
72.71168401135289
72.67029328287606
73.0782876064333
73.73462630085146
73.9356669820246
74.72800378429517
74.52696310312204
75.08869441816462
75.57355723746453
75.3252128666036
75.8100756859035
75.94016083254493
76.5964995269631
77.02814569536424
77.1759697256386
77.54848628193
77.77317880794702
78.0333491012299
78.41769157994324
78.71333964049195
78.76064333017976
78.57142857142857
79.66532639545885
79.87228003784296
79.81315042573321
80.26253547776727
80.00827814569537
80.1856669820246
80.6705298013245
80.57000946073794
81.27956480605488
81.19087038789026
81.05487228003784
81.60477767265847
81.82355723746453
82.0364238410596
82.00685903500474
82.2906811731315
82.2906811731315
82.57450331125828
82.68684957426679
82.68093661305582
83.31953642384106
82.94110690633869
83.100756859035
83.27814569536424
83.30179754020814
