16.0182119205298
16.290208136234625
17.082544938505205
17.750709555345317
18.690870387890257
19.50685903500473
20.93779564806055
21.730132450331126
22.883159886471145
24.154446546830652
24.56244087038789
26.413197729422894
27.40066225165563
28.269867549668874
30.173841059602648
32.0600756859035
34.19465468306528
35.8561967833491
39.54588457899716
42.324976348155154
45.58893093661305
48.23793755912961
51.57876064333018
53.54777672658467
57.40302743614002
58.9581362346263
61.67218543046358
63.21546830652791
65.17857142857143
66.33751182592242
68.25922421948913
69.38268684957427
71.14474929044465
71.61778618732261
72.51655629139073
73.379848628193
74.1899243140965
75.30747398297068
75.29564806054873
76.34815515610218
77.06362346263009
77.77317880794702
78.78429517502366
78.77838221381268
79.3519394512772
80.4399243140965
80.53453169347209
80.90113528855251
81.95955534531693
82.24929044465468
82.19016083254493
82.90562913907284
83.24858088930937
83.8635288552507
83.57379375591296
84.05865657521286
84.80368968779565
84.41343424787134
85.15846736045411
84.71499526963103
85.35359508041627
85.9035004730369
85.93306527909176
86.67218543046357
86.03358561967833
86.69583727530747
87.22800378429517
86.89096499526963
86.85548722800378
87.68330179754021
87.39356669820246
87.37582781456953
87.68330179754021
88.12086092715232
87.93755912961211
88.5643330179754
88.2864238410596
88.48155156102176
88.50520340586566
88.46972563859981
88.76537369914854
89.27388836329234
89.16154210028382
89.350756859035
89.19110690633869
89.29162724692526
89.96570482497634
89.75875118259225
90.0248344370861
90.17857142857143
89.98935666982024
90.08396404919584
90.49195837275307
90.56882686849575
90.40917691579943
90.4150898770104
90.74621570482498
90.72256385998108
90.970908230842
91.27246925260171
