1.958096874696304
1.914823647028112
1.8965393957825574
1.8921877409674248
1.8739304689156524
1.8584332943188209
1.8455618508265845
1.8284000055679421
1.8184464075933005
1.8162235860680225
1.8043000277417272
1.787896494991732
1.77562412870528
1.7565529027296443
1.7479212439725618
1.7283778270687151
1.705170587536966
1.6863368759768802
1.6625222959040242
1.6345918051116062
1.6130117164429563
1.5903443650694082
1.5441373093802633
1.5023705097674873
1.4741453400398046
1.4332078649057118
1.405877048944457
1.3688704104725775
1.3301072267281524
1.2983600515854619
1.2632600641972407
1.2356272279483143
1.207683008125399
1.1879466502533391
1.1585057396424077
1.1365387019055455
1.1150270630530625
1.09195653379471
1.0727345656987735
1.0513592206202482
1.0261464338316146
0.9966952210907228
0.975477926552916
0.9563534103030852
0.9359909820466416
0.9075830679178915
0.8825147666791304
0.8689909095231835
0.8405183625311478
0.8225481616740196
0.8023074872671938
0.7835203307128336
0.758182048177313
0.7397974860363674
0.7247311272706868
0.7039954578301313
0.6824915979758905
0.6712606291558907
0.6549831498537632
0.6399536209503434
0.6217639596256989
0.6003216475163751
0.5850954055222228
0.5741850938454144
0.5603775892938886
0.551698863055194
0.5355545898710881
0.5259279929587835
0.507591030314607
0.4945177664256028
0.48814600926022994
0.47487662883445464
0.4631466835088739
0.45788628209731214
0.450165907617098
0.43603834318122214
0.43156966507829575
0.4184324558940606
0.4134013917272454
0.4081443750644023
0.3982467416360227
0.3902659084623223
0.3807610465652444
0.3749847978268915
0.37104431121780157
0.3631763482499822
0.36011575411938224
0.3505076070720561
0.3448849760679671
0.3373892348164529
0.33324439929359456
0.32847827749085406
0.324654618086066
0.31670341327039275
0.3149085315534723
0.307640222298614
0.3052222478355906
0.3015570619135616
0.29425543588969433
0.2940642118679541
