16.650898770104067
16.792809839167454
17.99314096499527
19.406338694418164
21.97256385998108
22.75898770104068
22.83585619678335
23.846972563859982
25.201040681173133
26.123462630085147
27.246925260170293
27.589877010406813
28.39995269631031
29.452459791863767
29.771759697256385
30.232970671712394
31.019394512771996
31.693472090823086
32.19016083254494
32.17242194891202
32.49763481551561
32.840586565752126
33.780747398297066
34.271523178807946
34.395695364238414
34.91012298959319
35.010643330179754
35.37133396404919
35.501419110690634
36.64853358561968
36.778618732261116
37.44087038789026
38.292336802270576
38.36920529801324
38.93093661305582
39.4453642384106
40.20222327341533
40.84673604541154
41.42620624408704
41.85785241248817
43.028618732261116
43.673131504257334
44.38268684957427
44.7906811731315
45.665799432355726
46.28666035950804
47.07899716177862
48.36802270577105
47.83585619678335
49.544701986754966
50.59129612109744
50.04139072847682
50.91059602649007
52.14640491958373
53.145695364238414
53.45908230842006
53.23438978240303
54.16272469252602
54.688978240302745
55.232970671712394
56.02530747398297
56.82355723746452
57.615894039735096
58.29588457899716
57.52128666035951
58.739356669820246
58.56196783349101
59.703169347209084
60.223509933774835
60.6255912961211
60.406811731315045
61.31740775780511
61.216887417218544
61.63670766319773
62.68330179754021
62.760170293282876
63.27459791863765
62.87842951750237
63.5643330179754
63.17407757805109
64.04328287606434
64.25614947965941
64.24432355723746
64.72918637653737
65.11944181646169
65.12535477767265
65.12535477767265
65.63978240302744
66.00047303689688
66.56811731315042
66.40255439924314
67.4550614947966
67.14167455061495
67.11210974456007
68.13505203405866
68.32426679280984
68.73226111636707
68.52530747398298
68.25922421948913
68.7263481551561
