1.9615927074129218
1.9275777775269132
1.9081704019936279
1.888427990725724
1.8737054430547477
1.8614899471557242
1.8545061212276217
1.8486496750318226
1.8329116236859035
1.8190439991378062
1.8119395771676228
1.7963467629991168
1.7844399366044954
1.776005496478013
1.7688529033534575
1.7604219294316157
1.7544669243335274
1.7469516221148402
1.7362387310026273
1.725913225645825
1.7216511549764686
1.714499102184653
1.7034646820773915
1.6950964986319348
1.6892938439081384
1.680148624877605
1.6764902537344983
1.668169000290877
1.6619409072365305
1.6510366595005697
1.6466934248988314
1.6351563858331772
1.6237936648086433
1.6170781442548379
1.606211636240119
1.599746420796231
1.5907764349101057
1.5789854890801711
1.5681276115022296
1.556113741142973
1.5463575078500478
1.5339613287879705
1.525218587160787
1.5140299398941934
1.502580622399654
1.493004334119546
1.4784266046453673
1.4689765096049097
1.4567051364660488
1.4403774672898912
1.429048799633867
1.4160933299457112
1.4099327483714021
1.3940273535736576
1.3812549256331084
1.3682145780285462
1.3579353988452576
1.3515983040646324
1.3432330930695402
1.3265892775868513
1.3168206996475624
1.3038112706695961
1.291705328446012
1.2862338938573226
1.2768736979593729
1.2687100969402996
1.2594555464124724
1.2431968891519134
1.2337496510742967
1.227073812326848
1.2189722784082058
1.2079191169540275
1.2007052332247443
1.191547618119809
1.1809981223424877
1.1731908689045973
1.1650909223755013
1.154218100948839
1.1467318648759668
1.1367045377038398
1.128483045856797
1.1198887673885956
1.1137533711169052
1.1058932243931823
1.0972831459573225
1.0919089740249721
1.0878387742597424
1.077232435162381
1.0735239142388133
1.0620028432405773
1.0557339271511126
1.047065494245477
1.0424460726406852
1.0363363272306936
1.0264107463713965
1.0230138349217295
1.0116739068938068
1.0076999880845747
1.0048017478147089
0.9972442582517496
