15.72256385998108
19.601466414380322
20.559366130558182
21.08561967833491
21.996215704824976
23.69914853358562
23.350283822138127
24.27270577105014
24.798959318826867
24.76348155156102
25.632686849574267
27.300141911069062
27.82639545884579
28.884815515610217
29.0976821192053
30.173841059602648
31.841296121097447
32.32615894039735
34.59673604541154
35.9271523178808
38.5406811731315
39.86518448438978
42.65610217596973
45.175023651844846
46.475875118259225
49.1899243140965
51.365894039735096
53.39403973509934
54.87228003784295
56.5279091769158
57.72232734153264
59.49621570482498
61.31149479659413
62.08017975402081
63.33964049195837
64.84153263954589
65.30865657521286
66.49124881740775
67.1771523178808
68.85643330179754
69.84981078524125
71.23935666982024
71.94891201513718
72.97776726584674
73.61636707663197
74.769394512772
75.8337275307474
76.63789025543993
77.23509933774834
78.02743614001892
78.87298959318827
79.4879375591296
79.58254493850521
80.88339640491958
81.14947965941343
81.8294701986755
82.23155156102176
83.13623462630085
83.06527909176916
83.72161778618732
84.03500473036897
84.89238410596026
85.26490066225166
85.68472090823084
85.87393566698202
85.94489120151371
86.41792809839167
86.95009460737937
87.23982970671712
87.62417218543047
87.70104068117313
87.93755912961211
88.38103122043519
88.49337748344371
88.76537369914854
89.03736991485336
88.82450331125828
89.23841059602648
89.57544938505204
89.44536423841059
89.6759697256386
89.99526963103122
90.3263954588458
90.4860454115421
90.43282876064333
91.00638599810786
90.87038789025544
91.1128192999054
91.14829706717124
91.48533585619678
91.46759697256385
91.52081362346263
91.63907284768212
91.99976348155155
91.9228949858089
92.1771523178808
92.11802270577105
92.24810785241249
92.47280037842951
92.57923368022706
